0.98224540
0.04017083
0.55360712
0.88565418
0.64044934
0.90338316
0.08544511
0.75214066
0.39451830
0.34228974
0.63313594
0.70867871
0.36510675
0.73308307
0.25646383
0.81029673
0.43000055
0.77367834
0.13194222
0.21663248
0.21703626
0.37118888
0.04836526
0.87043496
0.60029626
0.92192263
0.69755408
0.59340555
0.10765599
0.32867179
0.37248817
0.65886684
0.47636776
0.78243670
0.71198729
0.83795003
0.64262295
0.18618310
0.37101780
0.58388115
0.35021735
0.45158186
0.87160302
0.54338645
0.88623324
0.74225255
0.71286873
0.62442599
0.70270766
0.69086590
0.14873906
0.75435607
0.80621913
0.65728521
0.20181847
0.20700448
0.07803818
0.70778693
0.37453202
0.43187066
0.88445223
0.29005732
0.61749176
0.03096736
0.37860014
0.68647332
0.99584990
0.83515912
0.01355183
0.76207229
0.72824697
0.05814975
0.27513335
0.01324032
0.55867011
0.05387956
0.01438494
0.94903660
0.27837188
0.98720057
0.95007450
0.26878889
0.53563597
0.34957468
0.34628366
0.47909383
0.88113272
0.86343936
0.85861397
0.83515508
0.70917384
0.76704116
0.60058861
0.01708546
0.01788404
0.51445476
0.28297114
0.17275408
0.14410633
0.06404007
0.40492234
0.75557154
0.13271806
0.33088686
0.16450598
0.89857311
0.01445105
0.04347560
0.21860239
0.69054793
0.29535815
0.88287915
0.64316004
0.20280090
0.23796293
0.65939563
0.31635618
0.97803280
0.23229364
0.85071156
0.51067402
0.80505712
0.02661123
0.80415637
0.22121551
0.82951728
0.71091992
0.81117709
0.99529172
0.87573505
0.45443740
0.77009388
0.05991492
0.78197499
0.28538762
0.02252922
0.47953324
0.83609781
0.23974751
0.66843443
0.66384557
0.77221383
0.99725459
0.02748401
0.44149425
0.79876956
0.60477471
0.02475694
0.92663140
0.54403086
0.65044111
0.92073005
0.67164650
0.82757823
0.84194348
0.03229380
0.91176189
0.35948743
0.86719877
0.46072177
0.99892490
0.57085237
0.21949477
0.65718396
0.59028888
0.45438346
0.13372292
0.20536073
0.19401144
0.38405943
0.81160244
0.93984990
0.61918378
0.06296985
0.49766722
0.94881937
0.15781584
0.16110600
0.20250667
0.28988913
0.05551227
0.85915861
0.56450081
0.26284905
0.03632862
0.75105525
0.86689811
0.69799870
0.97135999
0.83890834
0.97660944
0.69501551
0.80859141
0.05778287
0.83221355
0.64098802
0.61062416
0.87369965
0.85896985
0.12011689
0.75268461
0.93649529
0.25376464
0.86412213
0.85372891
0.75549189
0.17297490
0.76715877
0.52889011
0.72406601
0.99975622
0.72424066
0.30178681
0.82113701
0.94416028
0.40283889
0.35781772
0.22480734
0.74718575
0.85189693
0.97865635
0.76416968
0.76592636
0.47109370
0.91855445
0.35586727
0.37493269
0.41998018
0.17875564
0.09051504
0.65352680
0.01696383
0.64788083
0.02616301
0.29966463
0.78674286
0.95522398
0.31508425
0.57787549
0.53755058
0.30943242
0.81158995
0.10151666
0.08767577
0.53663640
0.72154410
0.06226936
0.48402737
0.02681388
0.88933070
0.64642465
0.32332760
0.47191887
0.94275702
0.89884208
0.96172186
0.87404791
0.57689885
0.11686211
0.69127225
0.42238055
0.75063381
0.93096177
0.68217754
0.65800261
0.67177267
0.41776821
0.72812763
0.53100543
0.36179623
0.22251506
0.81472776
0.34430660
0.37320495
0.87976260
0.12347281
0.00321521
0.69101771
0.30292711
0.98128909
0.09474806
0.20862836
0.68115779
0.52189567
0.97184328
0.16318815
0.60723760
0.60892070
0.79994011
0.82959033
0.03927165
0.17690902
0.39352518
0.20109882
0.51311916
0.30101747
0.89056089
0.45091867
0.74728647
0.26601001
0.69263235
0.15322131
0.05313205
0.77024837
0.24570891
0.05569726
0.18889321
0.76562968
0.64144758
0.62048988
0.89176830
0.17196794
0.87269580
0.49554690
0.08301229
0.20391284
0.74458723
0.04649555
0.38385621
0.04753587
0.59006162
0.04710453
0.91899864
0.61578329
0.82678924
0.20922205
0.67182157
0.80554476
0.64493508
0.79589127
0.24896978
0.30066527
0.32867508
0.01362543
0.34793774
0.70443828
0.88590609
0.08372516
0.51889956
0.42420705
0.13206309
0.69038465
0.34501013
0.97949362
0.82904157
0.00523382
0.10387010
0.48442059
0.76820110
0.09505664
0.89800028
0.44268730
0.93641113
0.63998629
0.59092672
0.06945598
0.32660241
0.65524372
0.31466504
0.47785106
0.14462290
0.25660584
0.66637807
0.13933699
0.01841397
0.21194590
0.97757457
0.35335761
0.80560343
0.35020414
0.84796406
0.23618987
0.06477468
0.90283194
0.34040245
0.81312407
0.01449701
0.65819053
0.73982290
0.51865590
0.55491997
0.98644557
0.60496340
0.62493367
0.52072216
0.41050505
0.04460068
0.13224926
0.53293005
0.47489675
0.34764150
0.91118727
0.20954261
0.18131219
0.85778393
0.35119864
0.45675669
0.86034386
0.51893914
0.27960956
0.96003962
0.40169043
0.47100841
0.33722121
0.39424786
0.71854805
0.66223536
0.64189050
0.14897674
0.64878171
0.84353721
0.28814642
0.20984012
0.79974017
0.40487262
0.37004331
0.98760641
0.99417707
0.98758531
0.69756032
0.67163606
0.00439077
0.76194771
0.18930032
0.07626003
0.77475248
0.23161724
0.09707940
0.65364435
0.71544799
0.86527452
0.56222557
0.25790522
0.70455956
0.44874029
0.60073306
0.26991249
0.02928623
0.88306736
0.00832583
0.28040954
0.05695588
0.12070845
0.77959865
0.49740212
0.22182192
0.75387542
0.44393861
0.41146753
0.53218333
0.93748380
0.96605440
0.24847300
0.41593156
0.23506188
0.16215165
0.35556429
0.83016805
0.80769247
0.51639502
0.54621156
0.79339527
0.50902412
0.31851050
0.85369343
0.93124872
0.65468806
0.94455870
0.19721666
0.50146812
0.79463903
0.11084115
0.02244284
0.90773560
0.03297974
0.38826003
0.23467613
0.30752534
0.69262812
0.05289588
0.90448923
0.58386212
0.61437340
0.80364409
0.45240618
0.65643457
0.12931388
0.41351052
0.84760327
0.99197239
0.10190977
0.04551666
0.68391202
0.49011110
0.87163378
0.84233053
0.03591175
0.13353915
0.77298690
0.00504920
0.59358033
0.18298816
0.91446595
0.42167851
0.97080335
0.10042173
0.14634723
0.20574245
0.00344660
0.00525404
0.55692342
0.12021159
0.51165993
0.26123570
0.41738192
0.58250190
0.86127115
0.40065250
0.21950874
0.58607139
0.00027631
0.62195926
0.01291661
0.69223524
0.20093989
0.18635162
0.52288021
0.89123675
0.43411302
0.39869598
0.89392942
0.14731681
0.71875069
0.63367944
0.02049143
0.66469776
0.69884777
0.89566073
0.05944034
0.63757123
0.61003744
0.03550085
0.17709252
0.44117237
0.11968267
0.15971670
0.05581929
0.61818565
0.60572828
0.25906664
0.47123491
0.09771784
0.66987368
0.32037206
0.13739086
0.12602537
0.06550996
0.36514901
0.21663140
0.68730222
0.46073589
0.96935483
0.91234989
0.78159644
0.12612624
0.95855367
0.64909176
0.82379611
0.26931269
0.49909245
0.57289345
0.55094724
0.52320734
0.29648124
0.94721726
0.39993940
0.79462642
0.15772127
0.53874869
0.82353204
0.28519292
0.50428997
0.72274957
0.48537294
0.43308185
0.18124642
0.65548492
0.94376190
0.94301551
0.95737697
0.89867160
0.78255758
0.00583341
0.76767237
0.86725164
0.61131359
0.75603012
0.79045398
0.41191185
0.30214847
0.82261980
0.58833364
0.37628924
0.20914253
0.20352155
0.92966373
0.19232960
0.24335168
0.91478593
0.64360037
0.23914978
0.91283946
0.51092831
0.13384860
0.54445301
0.84345900
0.04352560
0.63849742
0.84560647
0.36905438
0.08510321
0.25225816
0.17334098
0.76459829
0.97145913
0.64090200
0.30694057
0.61281109
0.54078101
0.67945615
0.58928057
0.63179579
0.59767637
0.20477998
0.51231792
0.21791310
0.25695337
0.55630448
0.67042394
0.27260852
0.27849702
0.15886695
0.59930500
0.80280673
0.92922143
0.79927183
0.47034156
0.84568026
0.87914266
0.80668488
0.89782731
0.41586462
0.33240441
0.10365781
0.44951865
0.20705438
0.74596701
0.02650281
0.79168308
0.25285220
0.76086306
0.76715252
0.72027057
0.82800214
0.32816184
0.57609885
0.07638768
0.04220434
0.53629040
0.65141545
0.25381673
0.84164758
0.87480208
0.69792260
0.08553241
0.70482405
0.15471488
0.14789658
0.88748271
0.49015370
0.85228998
0.26203619
0.07917573
0.52938077
0.40204246
0.68845814
0.24426752
0.47763826
0.66655043
0.09072237
0.71147115
0.49530094
0.64386925
0.00645072
0.58022953
0.30869058
0.05316367
0.25764127
0.13663643
0.15462843
0.00803642
0.59759521
0.17147969
0.14577095
0.98468465
0.82013882
0.03122242
0.60092186
0.66637172
0.86132768
0.47311014
0.66653446
0.94517785
0.12744901
0.22212868
0.33058805
0.52246258
0.97437098
0.36154451
0.12342221
0.28061379
0.53649079
0.54130264
0.56919907
0.55945507
0.49281680
0.32786117
0.82148674
0.80683531
0.80498365
0.18757815
0.65443474
0.74827028
0.45200942
0.99625287
0.97663228
0.60727432
0.10953737
0.98220080
0.85814369
0.85891572
0.75368982
0.01160647
0.29764362
0.12066554
0.82086863
0.87666827
0.94400882
0.85973664
0.61827988
0.37693278
0.83613132
0.45454719
0.22440373
0.88188490
0.69669044
0.82936384
0.33349579
0.18607885
0.94496374
0.15607242
0.04473750
0.42413272
0.84364819
0.52165559
0.34691216
0.03925282
0.68206824
0.43648176
0.21004487
0.78967709
0.41401991
0.79163208
0.63980145
0.11556950
0.99033003
0.03726576
0.42211035
0.19921517
0.36393662
0.67016781
0.03696674
0.41417002
0.27386032
0.74537286
0.37085481
0.03731407
0.30775630
0.68066299
0.10640854
0.01269369
0.81770496
0.75776950
0.12484916
0.93930545
0.37727107
0.52092802
0.00815289
0.08614273
0.96552008
0.77795976
0.04764889
0.95091654
0.13750229
0.86791821
0.50532740
0.28528353
0.26498847
0.02731833
0.67113186
0.65256520
0.35210410
0.55929392
0.21806563
0.25694872
0.48565951
0.50660833
0.94892081
0.09525220
0.32985296
0.58858530
0.16461305
0.57668288
0.31642376
0.09737140
0.80011904
0.08157768
0.53139212
0.17498572
0.22113389
0.17716867
0.97125349
0.31297768
0.44983737
0.96455877
0.16958525
0.71798268
0.15324768
0.51075865
0.92134928
0.27371730
0.20140908
0.69937538
0.36907184
0.88755678
0.53202166
0.54168018
0.77907803
0.11189558
0.13132001
0.33066382
0.18411291
0.65825799
0.50815114
0.70339980
0.16703105
0.92608158
0.32167560
0.52578209
0.51041692
0.22047658
0.50256607
0.92755454
0.18485447
0.86934091
0.04025186
0.46244213
0.02025679
0.10243689
0.74870174
0.22983650
0.46035123
0.01151989
0.19193446
0.13184398
0.01803570
0.32674985
0.80547710
0.99144613
0.85547868
0.88068772
0.47999593
0.39158635
0.78342250
0.76663833
0.37205059
0.90349227
0.28909572
0.84362844
0.73862154
0.75503163
0.66191686
0.63856980
0.48490701
0.64451588
0.72812079
0.13352332
0.68533008
0.19420970
0.66698408
0.36576145
0.93646968
0.36678361
0.50567006
0.66585601
0.53590516
0.05858029
0.22894870
0.46212966
0.02100238
0.92073386
0.78594774
0.27766682
0.71817122
0.20419939
0.36808760
0.65355128
0.96435721
0.44758013
0.75344788
0.01645449
0.43661185
0.97273472
0.86190821
0.15798485
0.62413351
0.11235545
0.84170525
0.85919033
0.30307954
0.85559185
0.48150412
0.65522421
0.90055692
0.17441011
0.89666689
0.20554053
0.95629591
0.51427725
0.49115848
0.05798708
0.84262503
0.22740516
0.66204185
0.89021919
0.54428585
0.74120128
0.20253768
0.82691255
0.29556947
0.97040576
0.73113241
0.10361919
0.29551627
0.06353850
0.15076673
0.19349147
0.57777217
0.00329112
0.72827720
0.26736661
0.00335298
0.15255067
0.55143589
0.61178740
0.80651788
0.59052281
0.55424458
0.52967471
0.68217617
0.26655448
0.47521610
0.69825526
0.90082708
0.86922432
0.12169937
0.14463235
0.91712479
0.11324134
0.18798405
0.56973174
0.77216731
0.95676868
0.53982415
0.24874534
0.61257589
0.86639123
0.35466994
0.57075567
0.58393128
0.62819992
0.77165980
0.22572426
0.35457102
0.10065232
0.07817110
0.47315105
0.63817069
0.91308033
0.13160105
