0.39274810
0.41326825
0.66568013
0.67012615
0.84144958
0.28337822
0.45769794
0.42056537
0.10299890
0.54160565
0.99202606
0.54657761
0.27003337
0.18710582
0.60372295
0.88909839
0.57536672
0.80079899
0.50460214
0.69108738
0.52786696
0.92581330
0.81645063
0.03424192
0.48544005
0.11146420
0.60434328
0.73233885
0.75312001
0.62720109
0.04247420
0.76054510
0.71500215
0.81594515
0.10497264
0.57651337
0.33702053
0.99589581
0.98758470
0.10032973
0.80544353
0.86054305
0.59264217
0.95859802
0.49871102
0.97166675
0.69166381
0.55837505
0.76581987
0.22769366
0.97883598
0.61117692
0.57870323
0.74461739
0.75015521
0.09496083
0.42683150
0.38308202
0.62509027
0.60492568
0.68653154
0.61374999
0.16911083
0.49630096
0.22718378
0.25889030
0.43852486
0.96951960
0.31526577
0.90716081
0.08306226
0.62008165
0.24080329
0.65605426
0.76727181
0.91301710
0.06384746
0.69148966
0.10582903
0.06304767
0.49805014
0.08390216
0.69466654
0.40565366
0.37064194
0.65804606
0.29477087
0.84410213
0.27769716
0.58513923
0.28665490
0.55554550
0.59982535
0.58136379
0.60994437
0.07739631
0.70663011
0.33170612
0.05337741
0.31964765
0.28807429
0.33284896
0.44500477
0.50387596
0.78578160
0.96712525
0.77953776
0.87068755
0.95346182
0.72528817
0.77232090
0.17627963
0.37533843
0.34292838
0.49805087
0.67126012
0.90803544
0.87915004
0.66825441
0.44988881
0.46599823
0.36480192
0.67431011
0.73123762
0.91875588
0.21342731
0.67349172
0.60373771
0.72458707
0.59530162
0.81795419
0.25153147
0.63037522
0.36412087
0.31710277
0.79784625
0.64032569
0.88754769
0.85296275
0.59746328
0.61923040
0.60747990
0.36025387
0.75729454
0.71725439
0.21495755
0.87571776
0.49170404
0.85492475
0.72226101
0.94448951
0.60253205
0.94531033
0.38115601
0.93943834
0.68688549
0.94729883
0.80859510
0.15021377
0.80502884
0.09174709
0.19957811
0.86701846
0.50631057
0.14265711
0.18385725
0.09936964
0.74001154
0.39235474
0.47345590
0.87199953
0.36553099
0.60218768
0.63441137
0.86670997
0.84260059
0.88821353
0.21739501
0.55353240
0.78277705
0.02970117
0.69579370
0.16890076
0.57167392
0.70102228
0.02961201
0.73011768
0.94317278
0.03435179
0.35126545
0.66379833
0.66687765
0.59895622
0.82309049
0.16869714
0.64903907
0.87261324
0.24241649
0.78255778
0.11780291
0.99743686
0.20803326
0.46105915
0.44440966
0.43176424
0.60593094
0.76843468
0.54528356
0.68280267
0.08720606
0.98045612
0.56160354
0.36490150
0.57889057
0.88422245
0.30665721
0.38903661
0.72829688
0.96532581
0.79651011
0.43571310
0.18119218
0.11691023
0.41635473
0.84146859
0.53668249
0.74490762
0.31702674
0.80629029
0.33294008
0.65663459
0.73998722
0.02315870
0.17694367
0.10646824
0.16619813
0.12432240
0.53639755
0.19813113
0.89818348
0.22173978
0.74951884
0.96408374
0.95421191
0.19656364
0.82603864
0.27111908
0.04201669
0.26508568
0.93124130
0.46601756
0.44364886
0.52628223
0.94416703
0.35826528
0.78252273
0.73543561
0.62823874
0.32567189
0.08306474
0.63760594
0.69491256
0.65623058
0.55740342
0.31919379
0.75900254
0.76129609
0.77535482
0.93252006
0.96413415
0.41785965
0.05791924
0.64183987
0.83473231
0.30029003
0.35940258
0.41307773
0.12777215
0.44738828
0.10716618
0.79383268
0.53439677
0.78001742
0.44510814
0.91965367
0.45284243
0.68467454
0.10977534
0.86030542
0.46715819
0.23778856
0.23109524
0.44610084
0.93231925
0.68989967
0.66463246
0.50639571
0.17644252
0.66785556
0.14174422
0.70713204
0.75602372
0.01444571
0.12562539
0.59613031
0.80121541
0.74238882
0.86459393
0.47622194
0.07465547
0.10984936
0.58326109
0.60332473
0.60864576
0.36905531
0.80264213
0.33354565
0.45254193
0.80437227
0.14896904
0.65822145
0.94303091
0.89774396
0.04295827
0.86934002
0.29279556
0.68432380
0.20995993
0.84022353
0.76293572
0.44131084
0.63863790
0.96807535
0.13356964
0.51992751
0.18179861
0.22840979
0.90062546
0.58348398
0.37805638
0.26614057
0.96156849
0.78127749
0.15001822
0.49314855
0.71243064
0.89428438
0.05792795
0.65402074
0.09064153
0.69292422
0.96075782
0.45122125
0.12822921
0.24169068
0.00012634
0.97806384
0.05141488
0.61032711
0.48319951
0.53466060
0.26008285
0.43505513
0.27400576
0.50200550
0.50155326
0.94892304
0.27473218
0.29845249
0.65865971
0.71367872
0.57598874
0.95957490
0.93254664
0.69711391
0.13835138
0.85669158
0.61638451
0.64567612
0.82175857
0.27233491
0.84482453
0.56120640
0.34397116
0.66811014
0.43566163
0.29042797
0.97174240
0.22693091
0.98940490
0.47430418
0.39006133
0.85208113
0.19919906
0.21560037
0.16939656
0.96269912
0.07479033
0.66720244
0.65390509
0.90966148
0.55856930
0.97559726
0.17039937
0.24071716
0.99782211
0.47028038
0.17019171
0.57523731
0.07985521
0.69889471
0.92944476
0.52466554
0.25076815
0.49734450
0.53987845
0.11505153
0.27018484
0.64934651
0.00613678
0.23951647
0.92362441
0.08963808
0.93591498
0.47142655
0.91856488
0.98451202
0.00589346
0.58615641
0.65396915
0.83581317
0.71195935
0.10606150
0.78732226
0.94673429
0.52955154
0.37242752
0.64004156
0.93354374
0.10568541
0.39150336
0.76106937
0.44534848
0.93365413
0.22326504
0.66955357
0.74555037
0.02160186
0.95206780
0.73877392
0.34051286
0.48587092
0.85151904
0.45018977
0.65077671
0.29578993
0.40118767
0.11150568
0.83001535
0.77814374
0.14799776
0.57070626
0.26137901
0.52082989
0.75526148
0.87103016
0.90770112
0.52868685
0.14917020
0.42341858
0.19051585
0.49038484
0.35991746
0.78193785
0.11117192
0.97414355
0.93340040
0.00079963
0.13440105
0.74533171
0.73893358
0.58009803
0.42493850
0.31797333
0.97574923
0.41816344
0.65679249
0.47213914
0.45449871
0.52932786
0.61429073
0.98932376
0.93927801
0.06994675
0.97248407
0.28858989
0.05373998
0.64637056
0.84036609
0.76754405
0.21411770
0.14912766
0.82153095
0.57084011
0.23879342
0.88227577
0.70613982
0.40731380
0.32626536
0.74405269
0.92830812
0.82118644
0.68325782
0.57401082
0.41263060
0.51975157
0.32148113
0.31230356
0.87616292
0.56604860
0.37282869
0.98767465
0.59995722
0.27269451
0.97617881
0.99370925
0.76979908
0.50996467
0.83017757
0.40577865
0.58957733
0.15903883
0.12893240
0.53985162
0.85316917
0.78108224
0.07777129
0.97448581
0.02128003
0.83379061
0.53509980
0.41417887
0.46188522
0.76090547
0.30588692
0.57891918
0.92810721
0.30127918
0.21023382
0.39318292
0.13106479
0.15714322
0.17137164
0.28551718
0.61196433
0.38399609
0.42192814
0.10994707
0.00333158
0.11900476
0.58275688
0.26766406
0.69698989
0.28335553
0.81342373
0.67050091
0.36250111
0.28820384
0.19982247
0.82135793
0.08829492
0.91724015
0.23370110
0.40759816
0.28366903
0.24006170
0.18006304
0.37751957
0.08267234
0.44683365
0.70128765
0.14365417
0.15132062
0.91958950
0.71552580
0.75821560
0.10139268
0.91084721
0.96305748
0.78932259
0.49606027
0.54023469
0.21883414
0.07016700
0.16472393
0.00920554
0.14013699
0.89293058
0.14982535
0.63111203
0.05570087
0.52995978
0.46893732
0.97226327
0.20403833
0.91794296
0.62322642
0.89750337
0.76823371
0.20675333
0.29939632
0.16023653
0.57038771
0.15271236
0.95503661
0.74384809
0.87234106
0.17419936
0.50682948
0.78362664
0.33363386
0.47388706
0.06666775
0.44629332
0.17930992
0.92118949
0.98098154
0.36212153
0.92027570
0.18642361
0.59173191
0.70525811
0.52215539
0.06255147
0.10197096
0.74051641
0.34234981
0.60963804
0.85113741
0.64240223
0.00038669
0.60682964
0.64256544
0.76272818
0.30146466
0.55666300
0.76794179
0.02972477
0.83745681
0.58821460
0.59722502
0.99331799
0.91531547
0.58534286
0.48129535
0.78183475
0.27161495
0.90838725
0.86221158
0.33432237
0.64279031
0.62892803
0.55044535
0.76335496
0.69282456
0.60141694
0.78498737
0.01228662
0.47554149
0.22045101
0.30129108
0.59885282
0.40585957
0.22033157
0.90709857
0.52665867
0.81939059
0.22881742
0.90742393
0.31921343
0.04873767
0.74503302
0.92466875
0.24537411
0.60986937
0.38824801
0.56304334
0.53068791
0.00530729
0.57655382
0.75024064
0.11969666
0.47679709
0.38641414
0.84592277
0.49988649
0.85972328
0.24454541
0.24853234
0.27128306
0.20911643
0.82535562
0.21627278
0.58580790
0.09447147
0.04711011
0.74940869
0.32125843
0.57562476
0.18334741
0.48534318
0.47582741
0.72383512
0.02677814
0.82534392
0.84305839
0.56409992
0.18277123
0.15557405
0.25587927
0.04972745
0.00022973
0.62637975
0.38025609
0.72659232
0.17700028
0.26159549
0.80440737
0.31765853
0.70811323
0.45671832
0.85635335
0.12552455
0.23338071
0.32136652
0.68478576
0.49949265
0.46306138
0.86171674
0.16159467
0.37392089
0.79047652
0.36333812
0.77474005
0.24210462
0.09873191
0.42929801
0.73451894
0.72621387
0.51746702
0.21117751
0.92021391
0.28022585
0.38652626
0.27607972
0.85893695
0.89993246
0.43539590
0.71052592
0.97329827
0.94666139
0.24371851
0.26939249
0.57297970
0.39961963
0.49177011
0.61736026
0.73685665
0.93254646
0.33705911
0.84540539
0.75042676
0.70763435
0.96269164
0.29652065
0.89405405
0.59389944
0.82895729
0.31344851
0.00674443
0.82931554
0.45515853
0.77706724
0.13606439
0.98122641
0.70584574
0.62041102
0.91180576
0.48542395
0.63640039
0.65767745
0.16009435
0.70726001
0.73785635
0.38367059
0.62599715
0.90229699
0.15112862
0.25692067
0.71661409
0.84822663
0.73373771
0.01820221
0.96843294
0.97278784
0.98688732
0.88677625
0.59815995
0.19357904
0.79247963
0.84849580
0.22252051
0.26254626
0.59378155
0.60980625
0.72494407
0.78749646
0.96468814
0.91301859
0.24038687
0.62558488
0.56674968
0.20441107
0.46528654
0.16405262
0.98466046
0.40500790
0.39655555
0.20421660
0.48587495
0.79169480
0.22016599
0.43445134
0.28269406
0.14563981
0.64127681
0.22453337
0.84508291
0.08934913
0.55780178
0.01861658
0.24944876
0.26118411
0.58435924
0.65514102
0.38072311
0.34482084
0.17130070
0.96554344
0.82872487
0.65945501
0.33587302
0.72941147
0.21306878
0.16700125
0.92562553
0.96895650
0.05421658
0.94267146
0.32427453
0.12441384
0.31380293
0.71570151
0.30727501
0.04657071
0.55896597
0.06982881
0.40996392
0.99301134
0.10992817
0.54536620
0.99096085
0.45517643
0.09049321
0.82836711
0.54094327
0.57373969
0.03868624
0.95485820
0.44866225
0.69242240
0.80747014
0.18980028
0.07007337
0.78647064
0.76209064
0.79017845
0.34497282
0.22299534
0.98119652
0.98386807
0.58267780
0.83240321
0.40981622
0.05851402
0.35954535
0.08526851
0.03532870
0.61047032
0.05870344
0.09809595
0.18279874
0.14349733
0.38841050
0.77546947
0.76216763
0.42310099
0.92543290
0.34868703
0.43571146
0.36617780
0.16416500
0.59722771
0.22676523
0.15654144
0.63779906
0.81603281
0.99137302
0.34706093
0.79208679
0.26461423
0.52504023
0.74475779
0.61381809
0.25006012
0.38348365
0.09418488
0.63104139
0.80644321
0.88285598
0.94615181
0.43156778
0.24471445
0.06592735
0.91181945
0.59427259
0.68117522
0.66629884
0.62622200
0.89344971
0.60820650
0.99051933
0.44213472
0.87720616
0.67026064
0.75303883
0.70903236
0.98808019
0.95664776
0.02593058
0.58012236
0.34885741
0.59583956
0.39062573
0.83500037
0.80660367
0.83472832
0.41206512
0.45443906
0.21371360
0.17698348
0.26959337
0.78699684
0.58987563
0.82419745
0.96057211
0.99904652
0.57265217
0.43938009
0.40011372
0.50513600
0.10255046
0.91798471
0.85004189
0.69875236
0.98657831
0.94939055
0.74530969
0.96208095
0.10141192
0.66132600
0.70708524
0.46900643
0.71003788
0.33502787
0.18432382
0.04840076
0.43029093
0.21764646
0.83364863
0.79032371
0.31593578
0.95417668
0.78495641
0.05099047
0.59367713
0.72371484
0.37617248
0.33502084
0.11023257
