0.0848 0.3865 0.0194 0.6962 0.0994 0.4448 0.7233 0.0749 0.0292 0.2171 0.8084 0.6492 0.3437 0.1174 0.9374 0.6709 
0.2364 0.7497 0.1715 0.7002 0.2004 0.8512 0.2748 0.6707 0.4256 0.5087 0.7493 0.5131 0.9574 0.8177 0.4300 0.5080 
0.4365 0.6439 0.2945 0.7722 0.0766 0.0363 0.7222 0.8085 0.7206 0.6799 0.5548 0.2973 0.4105 0.4313 0.8873 0.0719 
0.9451 0.2611 0.8249 0.4744 0.3654 0.2376 0.5892 0.0713 0.9656 0.2616 0.9250 0.6013 0.1669 0.9083 0.4132 0.1330 
0.6807 0.8243 0.7929 0.1786 0.8960 0.3718 0.2292 0.8809 0.5046 0.4001 0.8805 0.6348 0.2546 0.0386 0.4552 0.3716 
0.8354 0.2237 0.5553 0.3450 0.9747 0.2296 0.0429 0.7973 0.4037 0.4612 0.1711 0.1989 0.6614 0.4470 0.4866 0.2983 
0.5379 0.0384 0.9468 0.8062 0.3409 0.6036 0.9433 0.8463 0.3015 0.1537 0.1428 0.5017 0.2790 0.7014 0.5316 0.8394 
0.7906 0.0207 0.0495 0.0609 0.2941 0.5798 0.4334 0.7802 0.0308 0.3624 0.5470 0.8548 0.6484 0.6565 0.4288 0.5040 
0.4395 0.6257 0.4523 0.2250 0.5261 0.9998 0.8805 0.7056 0.6167 0.2468 0.5585 0.8329 0.8461 0.3310 0.4140 0.9739 
0.5331 0.1685 0.4403 0.4959 0.9374 0.6729 0.2337 0.5713 0.8744 0.5826 0.0708 0.3586 0.8043 0.9233 0.8114 0.4576 
0.6297 0.1174 0.4239 0.2310 0.4597 0.5917 0.0616 0.3297 0.4692 0.0496 0.6475 0.4311 0.4116 0.8808 0.1411 0.6432 
0.9068 0.2368 0.9621 0.9569 0.2331 0.5732 0.9478 0.4431 0.3259 0.0636 0.6220 0.7527 0.9300 0.5402 0.5149 0.9741 
0.9693 0.2696 0.9707 0.6537 0.3319 0.9029 0.1791 0.8785 0.3465 0.2060 0.3735 0.3873 0.4372 0.8174 0.3781 0.5650 
0.1090 0.4501 0.1641 0.1358 0.5312 0.6737 0.5686 0.6096 0.1807 0.5397 0.8858 0.9298 0.9795 0.5748 0.5336 0.0839 
0.7544 0.3993 0.7647 0.7915 0.8460 0.6704 0.5841 0.6051 0.2715 0.5905 0.9776 0.2518 0.7795 0.1911 0.3582 0.6488 
0.5699 0.0309 0.0081 0.9768 0.6819 0.8002 0.3567 0.8225 0.5527 0.5634 0.3977 0.5002 0.3529 0.5376 0.2580 0.1657 
